binary_cqt 0.3428874684492643 0.01018804048616824 0.00512309662729472 0.28159457167090757 0.4045761830473219 0.5640657620041754
binary_stft 0.2796360264714525 0.008033195196630242 0.006119254304824249 0.22405013709361535 0.33012379642365886 0.5555136663524977
cqtf1 0.329422790026631 0.01244204357153916 0.015755453810934555 0.2662742382271468 0.41743810548977395 0.5119726339794755
cqtf2 0.32627314320954365 0.012217255219304331 0.04013092358047531 0.272924285520791 0.4114347569376107 0.509834530128005
cqtf3 0.22960350395479628 0.012140858925902465 0.018226600985221674 0.16471822541966427 0.32527565733672603 0.46596954687213354
cqtf4 0.2410601733276107 0.009873467844302826 0.05058499655884377 0.180149870010705 0.3070572046392766 0.5145357609898401
stftf1 0.23004069393966395 0.006472618409110769 0.040533261513600864 0.1872568093385214 0.29971230326620407 0.3818481848184819
stftf2 0.2234188172258265 0.00627407471370521 0.0378539917461221 0.17007748857540234 0.272942369443975 0.36153605994380267
stftf3 0.17612256634123732 0.005779794472228069 0.02370169082125604 0.13118119052061952 0.23512988589463463 0.32378439502450057
stftf4 0.188562101649465 0.006219479061348224 0.042833607907743 0.1484375 0.2224948347107438 0.39663341645885286
